@relation HW4_TEST_VERTEBRATE_NONOISE

@attribute pelvic_incidence numeric
@attribute pelvic_tilt numeric
@attribute lumbar_lordosis_angle numeric
@attribute sacral_slope numeric
@attribute pelvic_radius numeric
@attribute degree_spondylolisthesis numeric
@attribute class {1,-1}

@data
70.484104,12.489488,62.417142,57.994617,114.190049,56.902448,-1
30.149936,11.917445,34,18.232491,112.684141,11.463223,-1
89.680567,32.704435,83.130732,56.976132,129.955476,92.027277,-1
39.056951,10.060991,25.015378,28.99596,114.405425,4.564259,-1
49.782121,6.466805,53,43.315316,110.864783,25.335647,-1
37.90391,4.479099,24.710274,33.424811,157.848799,33.607027,-1
38.046551,8.301669,26.23683,29.744881,123.803413,3.885773,1
50.825029,9.064729,56.3,41.7603,78.999454,23.041524,-1
45.575482,18.759135,33.774143,26.816347,116.797007,3.13191,1
77.690577,21.380645,64.429442,56.309932,114.818751,26.931841,-1
48.318931,17.452121,48,30.866809,128.980308,-0.910941,1
91.468741,24.508177,84.620272,66.960564,117.307897,52.623047,-1
57.522356,33.647075,50.909858,23.875281,140.981712,148.753711,-1
74.565015,15.72432,58.618582,58.840695,105.417304,0.599247,1
63.92947,19.971097,40.17705,43.958373,113.065939,-11.058179,1
44.551012,21.931147,26.785916,22.619865,111.07292,2.652321,-1
67.263149,7.194661,51.696887,60.068488,97.801085,42.136943,-1
53.57217,20.460828,33.1,33.111342,110.966698,7.044803,-1
58.782548,7.667044,53.338941,51.115504,98.501157,51.584125,-1
61.734875,17.114312,46.9,44.620563,120.9202,3.087726,1
56.563824,8.961262,52.577846,47.602562,98.777115,50.701873,-1
56.605771,16.8002,42,39.805571,127.294522,24.018575,-1
88.623908,29.089453,47.564262,59.534455,121.76478,51.805899,-1
95.480229,46.550053,59,48.930176,96.683903,77.283072,-1
60.419932,5.265665,59.814236,55.154267,109.033075,30.265785,-1
77.121344,30.349875,77.481083,46.77147,110.611148,82.093607,-1
56.991404,6.874089,57.009005,50.117315,109.978045,36.810111,-1
79.93857,18.774071,63.311835,61.164499,114.787107,38.538741,-1
67.804694,16.550662,43.256802,51.254033,119.685645,4.86754,1
48.902904,5.587589,55.5,43.315316,137.108289,19.854759,1
72.955644,19.576971,61.007071,53.378673,111.234047,0.813491,1
61.540599,19.676957,52.892229,41.863642,118.686268,4.815031,1
92.026308,35.392674,77.416963,56.633634,115.72353,58.057542,-1
65.756348,13.206926,44,52.549422,129.393573,-1.98212,1
72.054034,24.700737,79.874016,47.353297,107.172358,56.426159,-1
64.311867,26.328369,50.958964,37.983498,106.177751,3.118221,1
58.521623,13.922286,41.467855,44.599337,115.514798,30.387984,-1
68.832021,22.218482,50.092194,46.613539,105.985136,-3.530317,-1
86.472905,40.303766,61.141012,46.169139,97.404189,55.752221,-1
72.64385,18.929117,68,53.714733,116.963416,25.384247,-1
69.563486,15.401139,74.438497,54.162347,105.067356,29.701211,-1
50.160078,-2.970024,42,53.130102,131.802491,-8.290203,1
86.04128,38.75067,47.871405,47.29061,122.092954,61.988277,-1
47.744679,12.089351,39,35.655328,117.512004,21.682401,-1
70.221452,39.822724,68.118403,30.398728,148.525562,145.378143,-1
41.17168,17.321206,33.469403,23.850474,116.377889,-9.56925,-1
77.655119,22.43295,93.892779,55.222169,123.055707,61.211187,-1
63.0263,27.33624,51.605017,35.69006,114.506608,7.43987,1
44.914149,10.218996,44.630914,34.695154,130.07566,37.36454,-1
43.79019,13.533753,42.690814,30.256437,125.002893,13.289018,-1
35.703458,19.443253,20.7,16.260205,137.540613,-0.26349,-1
71.186811,23.896201,43.696665,47.29061,119.864938,27.283985,-1
67.289712,16.717514,51,50.572198,137.591778,4.960344,1
53.941658,9.306594,43.100498,44.635064,124.397821,25.082127,-1
45.701789,10.659859,42.577846,35.041929,130.178314,-3.38891,1
65.611802,23.137919,62.582179,42.473883,124.128001,-4.083298,1
76.147212,21.936186,82.961502,54.211027,123.93201,10.431972,-1
38.505273,16.964297,35.112814,21.540976,127.632875,7.986683,1
70.250436,10.340123,76.37007,59.910314,119.237007,32.666502,-1
80.074914,48.069531,52.403439,32.005383,110.709912,67.727316,-1
58.599529,-0.261499,51.5,58.861028,102.042812,28.059697,-1
78.401254,14.04226,79.694263,64.358994,104.731234,12.392853,-1
67.513053,33.27559,96.283062,34.237463,145.601033,88.301486,-1
50.20967,29.760122,36.104007,20.449548,128.292515,5.740614,-1
83.933009,41.286305,62,42.646703,115.012334,26.5881,-1
42.918041,-5.845994,58,48.764035,121.606859,-3.362045,1
43.580964,16.508884,47,27.07208,109.271634,8.992816,-1
56.103774,13.106307,62.63702,42.997467,116.228503,31.172767,1
77.409333,29.396545,63.232302,48.012788,118.450731,93.563737,-1
77.236898,16.737622,49.775534,60.499275,110.690377,39.787154,-1
50.913101,6.677,30.896522,44.236102,118.151531,-1.057986,1
47.903565,13.616688,36,34.286877,117.449062,-4.245395,1
61.411737,25.384364,39.096869,36.027373,103.404597,21.843407,-1
41.729963,12.254074,30.122586,29.475889,116.585706,-1.244402,-1
73.635962,9.711318,63,63.924644,98.72793,26.975787,-1
63.073611,24.413803,54,38.659808,106.42433,15.779697,-1
54.75252,9.75252,48,45,123.037999,8.235294,1
49.712859,9.652075,28.317406,40.060784,108.168725,7.918501,-1
45.366754,10.755611,29.038349,34.611142,117.270068,-10.675871,-1
40.2502,13.921907,25.12495,26.328293,130.327871,2.230652,-1
64.624008,15.225303,67.632167,49.398705,90.298468,31.326411,-1
60.753894,15.753894,43.199158,45,113.053331,31.693548,-1
82.905351,29.894119,58.250542,53.011232,110.708958,6.079338,1
35.492446,11.701672,15.590363,23.790774,106.938852,-3.460358,-1
90.513961,28.272501,69.813942,62.241459,100.89216,58.823648,-1
74.976021,14.921705,53.730072,60.054317,105.6454,1.594748,1
40.683229,9.148437,31.021593,31.534792,139.118472,-2.511619,1
30.741938,13.354966,35.903526,17.386972,142.410107,-2.005373,1
63.364339,20.024621,67.498705,43.339718,130.999258,37.556706,-1
74.094731,18.823727,76.032156,55.271004,128.405731,73.388216,-1
44.318907,12.537992,36.098763,31.780915,124.115836,5.415825,-1
67.027664,13.281502,66.150403,53.746162,100.715413,33.989136,-1
76.314028,41.933683,93.284863,34.380345,132.267286,101.218783,-1
45.07545,12.306951,44.583177,32.768499,147.894637,-8.941709,1
41.646916,8.835549,36.031975,32.811367,116.555168,-6.054538,1
48.801909,18.017762,52,30.784147,139.150407,10.442862,1
52.204693,17.212673,78.094969,34.99202,136.972517,54.939134,-1
63.027818,22.552586,39.609117,40.475232,98.672917,-0.2544,-1
53.68338,13.447022,41.584297,40.236358,113.913703,2.737035,1
55.285852,20.440118,34,34.845733,115.877017,3.558372,-1
63.834982,20.362507,54.552434,43.472475,112.309492,-0.622527,-1
84.585607,30.361685,65.479486,54.223922,108.010219,25.118478,-1
45.44375,9.906072,45,35.537678,163.071041,20.315315,-1
53.854798,19.230643,32.77906,34.624155,121.670915,5.329843,-1
35.877571,1.112374,43.457257,34.765197,126.923906,-1.632238,1
68.613001,15.082235,63.014696,53.530766,123.431174,39.497987,-1
40.557357,17.977784,34,22.579573,121.046246,-1.537383,-1
44.430701,14.174264,32.243495,30.256437,131.717613,-3.604255,1
44.253476,1.101087,38,43.15239,98.274107,23.910635,-1
66.879211,24.891999,49.278597,41.987213,113.477018,-2.005892,-1
44.36249,8.945435,46.902096,35.417055,129.220682,4.994195,1
53.911054,12.939318,39,40.971736,118.193035,5.074353,1
82.406524,29.276422,77.054565,53.130102,117.042244,62.765348,-1
31.232387,17.715819,15.5,13.516568,120.055399,0.499751,-1
36.125683,22.758753,29,13.366931,115.577116,-3.237562,-1
61.821627,13.597105,64,48.224523,121.779803,1.296191,1
39.656902,16.208839,36.674857,23.448063,131.922009,-4.96898,1
81.656032,28.748869,58.232821,52.907163,114.769856,30.609148,-1
49.70661,13.040974,31.3345,36.665635,108.648265,-7.825986,-1
50.676677,6.461501,35,44.215175,116.58797,-0.214711,1
81.1041,24.794168,77.88702,56.309932,151.839857,65.214616,-1
86.753609,36.043016,69.221045,50.710593,139.414504,110.860782,-1
85.68095,38.650035,82.680977,47.030914,120.840707,61.959034,-1
63.959522,16.060945,63.123736,47.898577,142.360125,6.298971,1
74.469082,33.283157,66.942101,41.185925,146.466001,124.984406,-1
32.090987,6.989378,35.998198,25.101609,132.264735,6.413428,-1
47.805559,10.688698,54,37.116861,125.391138,-0.402523,1
43.349606,7.467469,28.065483,35.882137,112.776187,5.753277,-1
69.004913,13.29179,55.570143,55.713123,126.611622,10.832011,1
26.147921,10.759454,14,15.388468,125.203296,-10.093108,-1
89.834676,22.639217,90.563461,67.19546,100.501192,3.040973,1
72.343594,16.42079,59.869012,55.922805,70.082575,12.072644,-1
84.974132,33.021175,60.859873,51.952957,125.659534,74.333409,-1
43.191915,9.976664,28.938149,33.215251,123.4674,1.741018,1
84.998956,29.610098,83.352194,55.388858,126.91299,71.321175,-1
94.174822,15.38077,67.705721,78.794052,114.890113,53.25522,-1
88.024499,39.844669,81.774473,48.17983,116.601538,56.766083,-1
65.665347,10.540675,56.489135,55.124672,109.162777,53.93202,-1
41.352504,16.577364,30.706191,24.775141,113.266675,-4.497958,-1
81.08232,21.25584,78.766756,59.82648,90.07188,49.159426,-1
56.447026,19.444499,43.577846,37.002527,139.18969,-1.859689,1
74.720746,19.756942,82.73536,54.963804,109.356594,33.306067,-1
56.535051,14.377189,44.991547,42.157862,101.723334,25.773174,-1
51.079833,14.209935,35.951229,36.869898,115.803711,6.90509,1
63.792425,21.345323,66,42.447102,119.550391,12.382604,1
31.276012,3.144669,32.562996,28.131342,129.011418,3.62302,-1
46.442078,8.395036,29.03723,38.047043,115.481405,2.045476,-1
54.920858,18.96843,51.601455,35.952428,125.846646,2.001642,1
47.319648,8.57368,35.560252,38.745967,120.576972,1.630664,1
58.828379,37.577873,125.742386,21.250506,135.629418,117.314683,-1
89.504947,48.903653,72.003423,40.601295,134.634291,118.35337,-1
59.785265,17.879323,59.206461,41.905942,119.319111,22.123869,-1
36.422485,13.879424,20.242562,22.543061,126.076861,0.179717,1
51.311771,8.875541,57,42.43623,126.472258,-2.144044,1
76.326002,42.396204,57.2,33.929797,124.267007,50.127457,-1
0.561278768636,-0.440838541943,0.581874531065,0.997355896882,-0.206274251934,0.709207681441,-1
-1.70985013024,-0.500891010597,-0.975036884292,-1.80182623582,-0.326397643092,-0.380360431377,-1
1.64218966968,1.68130519736,1.71672562637,0.925656385281,1.05130360428,1.55145121985,-1
-1.20831557103,-0.69577958653,-1.46728415372,-1.04409738322,-0.189094121744,-0.54578779476,1
-0.604404675124,-1.0730934285,0.0659304618186,-0.0360404833753,-0.471524339206,-0.0477193962828,-1
-1.27324079117,-1.28176070047,-1.48400011694,-0.732314240955,3.27630044966,0.150616554584,1
-1.26520898803,-0.880471347914,-1.40036354073,-0.99137469224,0.560565345252,-0.562056925903,1
-0.545680803649,-0.800366116785,0.246730053512,-0.145510812081,-3.0133604805,-0.102729209229,-1
-0.841271328728,0.217342363932,-0.987411082287,-1.19753821699,0.00167778468922,-0.580133490507,-1
0.967059522297,0.492545708962,0.69212393057,0.878757103869,-0.156123899942,-0.00944493001992,-1
-0.686793708004,0.0801334176369,-0.208008313474,-0.912392979547,0.973516324376,-0.677075318508,1
1.74287784174,0.820870707947,1.79833417904,1.62854243467,0.0424304995356,0.606593720231,-1
-0.16856894913,1.78026254681,-0.0485837261148,-1.404583972,1.93084528945,2.91167058187,-1
0.791065953186,-0.101249302531,0.37375995621,1.05691826587,-0.90605928473,-0.640863154037,-1
0.192201645266,0.344572851876,-0.636610181908,0.00922957247408,-0.295942349344,-0.920391681364,-1
-0.898956996696,0.550336826237,-1.37028035146,-1.49296299973,-0.454921650154,-0.591633353932,-1
0.37991382806,-0.996683876028,-0.00546417403892,1.14335268409,-1.51359045801,0.355151831728,-1
-0.39099529447,0.395984293894,-1.02434586384,-0.75438189458,-0.463394775242,-0.486307870865,-1
-0.097610290225,-0.947093608688,0.0845002783059,0.513078718181,-1.45774705808,0.58168184546,-1
0.0686287944301,0.044670586375,-0.268274844038,0.0558465571004,0.330576977442,-0.581192960106,1
-0.222541792346,-0.811227972929,0.0428015918696,0.265773921662,-1.43573441801,0.56052669489,-1
-0.2201798484,0.0116954410907,-0.536734843825,-0.283120216847,0.839044410363,-0.0793009132097,1
1.58269150943,1.30180821332,-0.231881420287,1.1057577217,0.397947503201,0.586999671163,-1
1.9687559688,3.13480351993,0.394656992169,0.359235558696,-1.60270592215,1.1979061139,-1
-0.00541277369349,-1.19918783434,0.439267154697,0.797400367074,-0.617636171119,0.0704983144417,-1
0.935007255432,1.43412598077,1.40719404079,0.207266540114,-0.491756316403,1.31325591447,-1
-0.198465696501,-1.03033718527,0.285574845787,0.442808008465,-0.542257727719,0.227421962006,-1
1.09363909788,0.218910329403,0.630892752002,1.22050988662,-0.158648081094,0.268872055551,-1
0.410407044123,-0.0145007940227,-0.467877483692,0.522830910548,0.232098894338,-0.538515546898,1
-0.653911463936,-1.16539259356,0.202899849465,-0.0360404833753,1.62186977026,-0.179143310197,1
0.700445787496,0.303197921563,0.504619906502,0.67240174402,-0.442068858584,-0.635725887044,-1
0.0576895372237,0.313694346012,0.0600259306682,-0.138235721208,0.152380508961,-0.53977463818,-1
1.77427322163,1.96351368218,1.40368104993,0.901545142284,-0.0839514154814,0.736905195862,-1
0.295069155029,-0.365522660084,-0.427159333708,0.61402396556,1.00648168033,-0.70276067035,1
0.649678097766,0.84108545293,1.53829746786,0.248226114125,-0.76606199529,0.697786947331,-1
0.213733585073,1.0119525375,-0.0458933186149,-0.411390877879,-0.845399886921,-0.580461733295,-1
-0.112302407041,-0.290424924466,-0.56588987374,0.054352284889,-0.100601566542,0.0734284729957,-1
0.468253583522,0.580500950403,-0.093381701067,0.196148481854,-0.860764415821,-0.739884236686,-1
1.4615732289,2.47907492213,0.511958233203,0.164863521393,-1.54525009024,0.681626870771,-1
0.682889348402,0.235186894372,0.887746787696,0.6960597634,0.0149519112622,-0.0465540372723,-1
0.509440779946,-0.135176501836,1.24049758428,0.727570983679,-0.933973965102,0.0569606313557,-1
-0.583122742019,-2.06376174839,-0.536734843825,0.654902792834,1.19863644621,-0.85401954613,1
1.43726936794,2.31603254794,-0.215053744835,0.243813062108,0.424125313379,0.831158641336,-1
-0.719128583796,-0.482844500673,-0.701098109,-0.575289857172,0.058711723222,-0.135319049443,-1
0.546489408222,2.42857564214,0.894233822258,-0.945345039803,2.53260372648,2.83072925298,-1
-1.0892398002,0.0663900995055,-1.00410710276,-1.40633034017,-0.0317544538376,-0.884689277534,-1
0.965062959767,0.603015574037,2.30635402133,0.802180545709,0.500922272562,0.812525126245,-1
0.141346115344,1.11775776829,-0.0104975250961,-0.572844786859,-0.181022948015,-0.476834725017,-1
-0.87850954542,-0.679192388873,-0.392592972013,-0.642884379282,1.06089045132,0.240716382393,1
-0.941797221667,-0.331212707558,-0.498886695602,-0.955362070202,0.656245562919,-0.336580459062,-1
-1.39714343688,0.289160347459,-1.70371402657,-1.9406716218,1.65635542607,-0.661550362609,1
0.600846664896,0.756626115221,-0.443778377388,0.243813062108,0.246400752865,-0.00100101678151,-1
0.381409532569,0.00301515233073,-0.0436450482983,0.474830953266,1.66043675993,-0.536290238717,1
-0.370190232256,-0.77497538509,-0.476441028958,0.0568674014111,0.607980130678,-0.0537984460016,1
-0.834159257448,-0.63291105777,-0.505075958715,-0.61847204318,1.06907896389,-0.736493497558,1
0.286930085498,0.677022473474,0.590916537797,-0.0952758527181,0.586457107092,-0.753143936089,-1
0.880156010291,0.550865815123,1.70745389458,0.730997968097,0.570823281151,-0.405088366458,-1
-1.23937935419,0.0289221704602,-0.914068303435,-1.56891484425,0.866034179837,-0.463722925499,1
0.548121433953,-0.666476604621,1.34632413268,1.13221751907,0.196311902063,0.128064100194,-1
1.1013163307,3.29431671206,0.0332462238731,-0.832239418403,-0.483878101662,0.968772649776,-1
-0.10791569035,-1.77942366076,-0.0162511707691,1.05834967249,-1.17523603555,0.0175994558263,-1
1.00707619185,-0.277830180934,1.52844920453,1.44539658727,-0.960785771987,-0.358069223622,-1
0.39398537644,1.74126444471,2.43731226085,-0.675105002232,2.29931966064,1.46211204057,-1
-0.580330324821,1.37221433506,-0.859763064135,-1.64574941182,0.918652396716,-0.51758047174,-1
1.31855723298,2.58222082637,0.559020257345,-0.0831096356457,-0.140682155539,-0.0176873512467,-1
-0.990906026837,-2.36567803489,0.339869237111,0.347539531207,0.385350448099,-0.735849312994,1
-0.953578280718,-0.0188866042423,-0.262796068532,-1.17953507389,-0.598606777509,-0.439597284402,-1
-0.248446202967,-0.376085536203,0.593921153072,-0.0584164811199,-0.0436706883696,0.0922464553068,-1
0.951223286973,1.33404640643,0.626535317479,0.294653094007,0.133592174493,1.58829334959,-1
0.94151384877,0.00512606888717,-0.110730791584,1.17367931385,-0.485436371122,0.298807227122,-1
-0.540721661703,-1.05102737988,-1.14506947679,0.0287811944003,0.10972556469,-0.680601248872,1
-0.710182060188,-0.322506279042,-0.865461374175,-0.671626345534,0.0536909606746,-0.757030792046,1
0.0504335994747,0.912851891796,-0.695790873955,-0.549098558533,-1.06660905952,-0.131458354117,-1
-1.05780410392,-0.465552054486,-1.18747169278,-1.01031124509,-0.0151772905711,-0.685071239928,1
0.738753008069,-0.732487887955,0.613808012403,1.41481912872,-1.43965781107,-0.00839116732291,-1
0.144010094413,0.810963425319,0.120718216877,-0.363779870657,-0.825730753303,-0.276857512254,-1
-0.324532364187,-0.728162545605,-0.208008313474,0.0825582392395,0.499509739385,-0.457761586631,1
-0.608304667056,-0.738707155388,-1.28637345246,-0.265153680811,-0.686583711837,-0.465357833072,-1
-0.853024346487,-0.622859114159,-1.24687460397,-0.648798672933,0.0394129528036,-0.911224478224,1
-1.14112632623,-0.290464711485,-1.46128094982,-1.23189634051,1.08100883877,-0.601744377977,1
0.231309562979,-0.153635579,0.867594043389,0.392219157346,-2.11205981776,0.0959306203234,-1
0.0133918970593,-0.0981446553138,-0.471035669044,0.0825582392395,-0.296948065308,0.104734044419,-1
1.2606920557,1.38628119829,0.353595870839,0.646534558698,-0.483954200411,-0.509458351051,-1
-1.40902506169,-0.523542631749,-1.98365956696,-1.41053311276,-0.784688320786,-0.738206719175,-1
1.68911626545,1.21604545707,0.987128597682,1.29632593301,-1.26702133737,0.755275330226,-1
0.814208803293,-0.185506975693,0.10592946773,1.14235507119,-0.887864504551,-0.616992453208,-1
-1.1167434091,-0.791578539546,-1.13821711747,-0.865368178143,1.78221821041,-0.715457304726,1
-1.67651579072,-0.349981577579,-0.870746968057,-1.86134925221,2.04478561736,-0.703318244281,1
0.160380353061,0.350191744743,0.860281960024,-0.0343226264779,1.13456409129,0.245324250286,-1
0.764585288379,0.224123163724,1.32781058321,0.805618441848,0.927683419762,1.10451299592,-1
-0.912026322264,-0.435746643363,-0.860050371122,-0.848041561754,0.585486728388,-0.52536845091,1
0.366654182076,-0.35769375054,0.786411520303,0.698272308455,-1.28112010636,0.159778985986,-1
0.889549054878,2.65018188359,2.27304766843,-0.665046366496,1.23571225137,1.77185048604,-1
-0.869427038437,-0.460001082994,-0.395208375076,-0.778517424957,2.48227605005,-0.869641735172,1
-1.06248029909,-0.824425190606,-0.863709535707,-0.775499594883,-0.0176132482254,-0.80041147304,1
-0.659598271784,0.139513811107,0.0111427067601,-0.918212235627,1.78476560408,-0.404827239717,1
-0.467994937384,0.0549964200436,1.44082747659,-0.621985546986,1.61103949839,0.662130198719,-1
0.141431590608,0.615574834687,-0.667725956002,-0.235977287262,-1.44404609251,-0.661332397313,-1
-0.384733302284,-0.340317636137,-0.559510277966,-0.252793587094,-0.228317842016,-0.589602032467,-1
-0.294501604215,0.393810180015,-0.975036884292,-0.632283888595,-0.0717080520497,-0.569907537125,-1
0.186881232374,0.385662659383,0.150984835555,-0.0249767725266,-0.35628267483,-0.670159560203,-1
1.35530360091,1.43536578207,0.749653484042,0.731905752897,-0.699227431267,-0.0529268006232,-1
-0.848688869908,-0.712042819174,-0.372371578649,-0.583572205503,3.69286867195,-0.168099831094,1
-0.375081129129,0.266840774698,-1.04192944595,-0.647882581145,0.390460072288,-0.527430177215,1
-1.38733951416,-1.63519592742,-0.456895004251,-0.6379534781,0.809481083296,-0.69437099666,1
0.455921045723,-0.168654706208,0.614613173252,0.683108817583,0.530872554589,0.291873412945,-1
-1.12383098648,0.135316962982,-0.975036884292,-1.49579948404,0.340631424966,-0.69209650841,-1
-0.905731446313,-0.263972540735,-1.07127184999,-0.955362070202,1.19186589104,-0.741657164968,1
-0.915710598954,-1.63638082473,-0.755885864058,-0.0475101806483,-1.47585840085,-0.0818891611849,-1
0.358295117909,0.861163935246,-0.137956854219,-0.12953654513,-0.26315136642,-0.703330689164,-1
-0.909572258731,-0.812889474636,-0.268160008903,-0.592063847685,0.992690497052,-0.53547853979,1
-0.371913476648,-0.393615864671,-0.701098109,-0.201024298943,0.113036259119,-0.533556464737,1
1.23260419691,1.32143602104,1.38382607708,0.654902792834,0.0212398695427,0.849791700835,-1
-1.64889967881,0.107816154562,-1.98861035287,-2.13381873041,0.26159346132,-0.643248926878,1
-1.37336886939,0.637218028127,-1.24897565958,-2.14435290599,-0.0956305792769,-0.732864387363,-1
0.0735136100593,-0.324562081654,0.668595767462,0.309558857066,0.39914585908,-0.624151426255,-1
-1.17453364068,-0.0503850107559,-0.82848747416,-1.43465935057,1.2081701677,-0.77438133319,1
1.19034563167,1.26605406549,0.352624977031,0.639208288333,-0.160024160257,0.0787316717651,-1
-0.608656534597,-0.38294412539,-1.1210736454,-0.504166062057,-0.648331726326,-0.842888281443,-1
-0.554034180726,-1.07365023681,-0.920249129234,0.0273079712509,-0.014996695636,-0.660380711433,1
1.15926754633,0.850893740417,1.42943441771,0.878757103869,2.79697867814,0.908521670647,1
1.477379058,2.03178589697,0.954645102071,0.484573712274,1.80583211494,2.00305193489,-1
1.4169799727,2.30546799216,1.69208455959,0.225530930937,0.324235973388,0.830457435708,-1
0.193893807744,-0.0659107663357,0.620587230063,0.286612845089,2.04079864914,-0.504191863488,1
0.7856641755,1.74205882036,0.829786876407,-0.185945778699,2.36831649803,2.34171638939,-1
-1.60055378824,-1.01823426808,-0.86556010171,-1.31825268714,1.23550876299,-0.501447347104,1
-0.715700563975,-0.629883570075,0.120718216877,-0.472400563476,0.687215121485,-0.664884176587,1
-0.966605544347,-0.968044780945,-1.30017574808,-0.559322911633,-0.319055310319,-0.517276830975,1
0.477988754397,-0.356613727189,0.206742826968,0.836742824013,0.784570787923,-0.395495999108,1
-1.93519485337,-0.622455680087,-2.07079198546,-2.00204033822,0.672231325634,-0.897250648738,1
1.65086721085,0.624669265371,2.12394816223,1.64507869046,-1.29820810442,-0.582314030678,-1
0.665982588886,-0.0281346191181,0.442268208768,0.851504059566,-3.72464280586,-0.365747380893,-1
1.37718059501,1.7145562273,0.496555258533,0.572033902685,0.708624555324,1.12717738232,-1
-0.975484780115,-0.704632145733,-1.25236433702,-0.747066887927,0.533762233088,-0.613485106243,1
1.37857838023,1.35646497434,1.72885903218,0.813915151412,0.808610334925,1.05494828698,-1
1.89525135201,-0.137314817896,0.871623901925,2.46159869975,-0.150431490153,0.621752331378,-1
1.54894009792,2.43087940501,1.64241924048,0.306412550275,-0.0139144023145,0.705937842316,-1
0.289945087491,-0.645422867938,0.257092335565,0.79531693232,-0.607290091491,0.637981034635,-1
-1.07905799573,-0.0116976463258,-1.15549728499,-1.34123544697,-0.279930023859,-0.763086894263,-1
1.1580411621,0.479443812164,1.4776331782,1.1263157563,-2.13013430767,0.523541005391,-1
-0.229118432606,0.28929115122,-0.450288203657,-0.480449471373,1.7878991336,-0.699824948765,1
0.799834825635,0.322091086651,1.69506408207,0.783992114544,-0.591829681357,0.143399961008,-1
-0.224161937128,-0.242669689023,-0.372834699543,-0.117523162552,-1.2007201825,-0.0372281199087,-1
-0.531333346973,-0.260227836911,-0.868133427777,-0.489786314355,-0.0775555309875,-0.489657990277,-1
0.184484940661,0.488837642789,0.778171277579,-0.0971611869353,0.221309942325,-0.358314980093,-1
-1.64644325035,-1.42184774942,-1.05376710746,-1.10496493485,0.975997909373,-0.568357369856,1
-0.792475200858,-0.87066977908,-1.24693591146,-0.406917424206,-0.103265262067,-0.606184635593,1
-0.315053619105,0.239313931501,-0.0106926790797,-0.554374551697,0.723550120475,-0.607235712689,-1
-0.743061151018,-0.851915921048,-0.889554179887,-0.357714432069,0.303198338574,-0.616131238512,1
-0.0950296467228,2.19291356025,4.05132248835,-1.58936340966,1.50390306871,2.15780731931,-1
1.63230089108,3.38188195673,1.10708534641,-0.227102678867,1.42452369768,2.18271355912,-1
-0.0411494861718,0.12498063142,0.405968526867,-0.135257877312,0.202861180577,-0.124733273484,-1
-1.35665659707,-0.294924531858,-1.72877602767,-1.49836986315,0.741913929218,-0.650922887898,1
-0.518273424811,-0.820226872776,0.285081482052,-0.097926556175,0.773453989098,-0.706643378012,1
0.890223284663,2.6987368486,0.296039033064,-0.696764135097,0.597545348945,0.546753014615,-1
