@relation HW4_TEST_VERTEBRATE_NOISE

@attribute pelvic_incidence numeric
@attribute pelvic_tilt numeric
@attribute lumbar_lordosis_angle numeric
@attribute sacral_slope numeric
@attribute pelvic_radius numeric
@attribute degree_spondylolisthesis numeric
@attribute F1 numeric
@attribute F2 numeric
@attribute F3 numeric
@attribute F4 numeric
@attribute F5 numeric
@attribute F6 numeric
@attribute F7 numeric
@attribute F8 numeric
@attribute F9 numeric
@attribute F10 numeric
@attribute F11 numeric
@attribute F12 numeric
@attribute F13 numeric
@attribute F14 numeric
@attribute F15 numeric
@attribute F16 numeric
@attribute F17 numeric
@attribute F18 numeric
@attribute F19 numeric
@attribute F20 numeric
@attribute F21 numeric
@attribute F22 numeric
@attribute F23 numeric
@attribute F24 numeric
@attribute F25 numeric
@attribute F26 numeric
@attribute F27 numeric
@attribute F28 numeric
@attribute F29 numeric
@attribute F30 numeric
@attribute class {1,-1}

@data
70.484,12.489,62.417,57.995,114.19,56.902,125.24,191.68,142.61,159.3,175.39,240,193.32,150.78,174.23,127.13,128.95,223.12,149.59,58.32,199.67,168.62,71.537,173.38,135.55,209.69,53.336,185.36,135.31,183.65,113.22,226.17,232.53,88.481,75.924,237.36,-1
30.15,11.917,34,18.232,112.68,11.463,220.13,58.642,90.535,160.17,132.27,174.94,210.07,156.19,147.98,221.39,242.32,137.07,233.14,201.86,133.97,197.75,77.431,66.295,163.56,82.119,241.86,141.41,228.15,195.64,136.67,97.496,230.83,163.5,246.31,165.25,1
89.681,32.704,83.131,56.976,129.96,92.027,95.147,79.189,223.91,188.91,177.72,91.39,168.73,125.82,94.09,184.96,51.636,84.416,70.197,114.97,197.5,124.53,68.885,171.9,172.61,197.59,65.051,149.84,94.846,107.13,218.56,237.94,66.29,181.53,68.048,66.037,-1
39.057,10.061,25.015,28.996,114.41,4.5643,209.39,96.667,169.59,235.5,221.31,71.931,69.435,203.78,78.827,171.62,129.69,50.859,77.165,154.36,187.29,140.65,112.18,158.93,211.4,201.41,107.03,61.696,209.39,168.74,175.23,55.43,56.668,187.12,187.23,132.76,1
49.782,6.4668,53,43.315,110.86,25.336,249.38,99.34,54.603,238.84,202.72,163.17,161.9,106.5,177.04,137.89,147.55,180.5,221.66,240.38,241.15,151.88,212.53,221.18,226.16,226.26,147.62,64.721,221.66,124.11,104.51,162.3,164.48,120.75,235.79,86.169,-1
37.904,4.4791,24.71,33.425,157.85,33.607,106.26,84.057,229.89,230.65,245.23,104.87,58.618,179.85,210.48,242.26,173.63,123.94,53.729,183.8,111.58,235.74,152.71,178.54,81.996,135.85,244.11,117.58,135.42,209.13,152.91,228.09,51.858,241.36,78.363,249.13,1
38.047,8.3017,26.237,29.745,123.8,3.8858,192.08,97.011,140.59,170.82,206.31,64.233,201.53,234.44,183.93,214.58,64.002,125.22,195.67,144.62,118.46,140.16,223.3,104.33,67.835,87.497,163.62,117.21,167.77,64.707,227.68,83.398,89.666,98.748,226.88,154.08,-1
50.825,9.0647,56.3,41.76,78.999,23.042,182.93,105.09,61.605,235.24,237.12,81.69,181.93,116.13,144.32,52.1,78.538,138.27,213.33,179.87,127.41,177.49,246.1,71.35,112.63,110.61,104.79,246.99,68.34,248.55,84.859,135.05,54.136,199.65,53.952,227.06,-1
45.575,18.759,33.774,26.816,116.8,3.1319,132.97,240.32,71.254,73.389,197.83,59.904,169.89,212.69,238.9,78.323,180.85,153.22,73.244,183.13,55.235,141.87,115.33,62.103,171.47,114.15,75.817,200.33,100.12,205.21,214.01,115.38,208.45,128.05,118.54,179.65,1
77.691,21.381,64.429,56.31,114.82,26.932,149.65,119.33,249.69,118.16,100.72,186.18,95.399,207.53,168.3,146.56,93.664,110.02,147.71,96.029,176.71,160.75,93.923,174.38,125.75,138.4,81.038,179.31,168.75,51.474,86.238,163.52,88.166,218.95,97.661,143.25,-1
48.319,17.452,48,30.867,128.98,-0.91094,239.82,109.46,223.27,57.346,193.85,206.35,192.74,74.864,95.35,166.12,73.826,145.66,119.49,210.98,163.05,58.247,153.64,189.81,235.11,122.38,103.76,226.57,154.12,227.79,69.453,215.4,240.42,124.4,246.91,69.056,-1
91.469,24.508,84.62,66.961,117.31,52.623,240.64,130.89,173.04,157.67,188.7,211.47,194.9,81.478,186.77,108.6,58.627,51.249,204.78,150.56,123.1,210.44,120.6,104.99,61.403,175.12,136.78,152.38,232.81,222.82,56.263,128.34,204.05,191.52,219.32,243.56,-1
57.522,33.647,50.91,23.875,140.98,148.75,196.58,110.45,55.389,197.45,204.66,103.01,118.84,133,114.13,137.77,83.112,84.287,107.06,136.81,134.29,184.3,221.9,134.39,248.8,237.77,129.18,125.24,182.66,189.52,52.035,174.27,213.31,119.13,208.9,174.02,-1
74.565,15.724,58.619,58.841,105.42,0.59925,126.94,201.46,114.5,86.245,199.44,229.18,56.55,187.47,199.78,129.65,152.22,110.71,214.88,191.81,142.44,90.066,102,123.16,183.39,107.38,135.05,226.75,149.93,227,243.49,243.03,135.21,225.43,230.06,81.201,-1
63.929,19.971,40.177,43.958,113.07,-11.058,58.017,121.95,142.76,135.25,113.68,171.6,218.72,181.54,249.63,77.461,223.45,198.89,84.612,161.05,112.89,52.917,218.74,66.432,173.43,98.92,172.88,99.152,176.96,143.13,227.61,215.69,110.04,200.11,206.02,129.67,-1
44.551,21.931,26.786,22.62,111.07,2.6523,166.59,74.98,69.803,69.634,152.09,52.88,204.06,186,103.95,240.55,203.25,166.18,222.73,101,95.132,202.63,166.56,63.954,79.577,234.17,139.36,82.801,67.272,124.31,59.937,212.68,186.06,136.89,217.3,226.5,-1
67.263,7.1947,51.697,60.068,97.801,42.137,162.94,173.44,164.2,110.64,204.61,118.81,151.93,51.877,236.37,122.01,76.99,190.24,235.21,65.04,73.187,163.5,193.88,74.178,55.799,235.24,52.405,181.72,58.161,66.604,184.04,241.02,221.7,130.13,114.22,157.8,-1
53.572,20.461,33.1,33.111,110.97,7.0448,121.04,121.1,115.18,206.02,164.56,156.73,191.39,75.722,189.28,217.4,62.984,210.93,88.221,167.82,76.793,180.84,118.7,185.57,164.49,111.99,56.854,101.12,200.31,249.44,245.32,86.624,224.36,124.59,198.55,158.74,-1
58.783,7.667,53.339,51.116,98.501,51.584,226.04,122.59,140.1,157.39,240.77,175.55,208.23,202.78,69.052,58.267,184.49,220.4,60.07,184.85,239.3,176.95,51.855,93.787,55.996,65.295,129.75,81.521,114.75,223.97,94.053,184.09,229.41,138.65,182.9,138.49,1
61.735,17.114,46.9,44.621,120.92,3.0877,174.91,63.698,165.57,203.81,84.314,139.35,116.13,218.38,99.174,134.77,146.44,73.544,159.69,167.6,148.49,196.87,88.489,97.456,192.31,206.18,245.89,105.32,63.298,50.014,66.812,197.12,218.72,126.06,107.84,86.749,-1
56.564,8.9613,52.578,47.603,98.777,50.702,174.8,223.43,64.969,177.79,231.45,212.22,232.74,199.39,236.93,65.128,149.08,181.45,51.904,156.74,199.64,227.47,151.48,51.727,92.808,76.149,158.55,109.74,234.65,186,121.77,213.91,147.03,64.542,117.47,99.846,-1
56.606,16.8,42,39.806,127.29,24.019,109.15,141.58,61.469,228.63,200.44,78.966,165.34,238.9,145.96,112.76,112.7,200.59,215.67,144.52,112.19,183.18,54.848,195.42,101.04,142.3,232.48,51.181,60.872,180.98,196.64,186.2,147.71,138.06,231.73,107.02,-1
88.624,29.089,47.564,59.534,121.76,51.806,64.936,65.523,110.19,62.138,107.24,244.97,107.58,233.94,226.51,239.2,114.7,190.43,231.71,114.76,51.541,74.135,160.01,162.21,241.72,138.03,114.83,95.73,63.589,132.36,170.43,116.01,63.067,171.31,56.45,155.9,-1
95.48,46.55,59,48.93,96.684,77.283,108.74,230.98,154.34,85.154,175.48,216.75,103.37,94.615,205.86,220.9,231.82,171.02,191.06,136.2,173.12,192.75,105.24,160.39,86.378,171,108.1,184.02,164.71,145.27,140.27,56.938,141.4,110.96,189.27,161.97,-1
60.42,5.2657,59.814,55.154,109.03,30.266,96.948,106.34,162.38,133.27,142.57,118.02,228.04,151.95,53.657,84.706,140.07,57.653,98.666,202.98,121.51,139.45,189.25,198.45,209.69,75.404,225.79,246.33,137.84,127.65,232.56,74.038,169.11,131.33,91.754,133.03,-1
77.121,30.35,77.481,46.771,110.61,82.094,119.18,172.78,98.311,197.96,75.888,173.25,123.22,207.55,204.15,157.18,199.73,89.03,167.85,249.29,179.77,178.2,226.27,214.93,58.009,169.81,205.83,101.23,55.474,140.41,50.635,106.74,72.017,70.202,214.83,231.14,-1
56.991,6.8741,57.009,50.117,109.98,36.81,219.7,182.37,232.54,228.59,159.88,110.75,80.003,154.49,187.16,108.98,87.051,116.14,237.78,103,219.2,179.78,54.936,128.68,111.83,76.425,128.88,173.83,59.94,55.352,152.02,217.65,118.76,145.38,93.646,111.03,-1
79.939,18.774,63.312,61.164,114.79,38.539,82.073,90.005,215.15,55.171,243.9,67.844,239.27,173.48,223.53,230.57,66.984,178.57,229.1,208.41,70.271,185.68,118.24,77.189,243.42,73.067,226.47,244.37,97.711,135.06,78.892,230.27,102.81,108.48,69.928,179.95,-1
67.805,16.551,43.257,51.254,119.69,4.8675,81.573,242,138.91,77.513,138.43,154.31,180.17,161.65,166.1,66.277,91.406,93.481,171.25,76.922,167.66,61.766,134.28,89.149,103.4,138.21,135.13,148.43,75.46,71.161,150.93,139.99,166.04,53.257,173.9,107.76,-1
48.903,5.5876,55.5,43.315,137.11,19.855,151.73,183.02,246.41,134.82,168.19,215.06,246.44,196.2,175.22,207.49,161.78,65.382,208.48,57.107,166.48,94.791,66.002,194.06,74.375,104.22,143.28,110.21,176.07,58.622,163.64,247.71,137.08,226.88,70.763,101.05,1
72.956,19.577,61.007,53.379,111.23,0.81349,170.66,158.26,165.65,202.91,72.194,202.79,88.767,62.68,72.229,84.882,182.34,246.12,217.23,140.79,154.36,83.596,65.871,183.93,171.48,238.82,134.99,169.42,145.28,161.22,178.43,56.758,133.02,92.062,209.81,121.64,-1
61.541,19.677,52.892,41.864,118.69,4.815,82.279,223.79,96.885,154.89,89.97,239.53,215.75,148.56,92.739,194,237.84,91.352,162.03,162.6,140.92,235.71,64.475,61.97,179.07,153.33,141.04,158.68,71.999,172.26,91.387,221.89,60.843,186.73,230.59,211.18,-1
92.026,35.393,77.417,56.634,115.72,58.058,177.09,161.41,212.12,200.9,82.593,116.71,148.76,95.985,57.274,96.401,58.049,246.65,50.139,96.177,243.34,153.05,230.07,126.86,224.88,139.06,189.08,75.954,137.09,197.77,118.04,155.71,101.94,80.878,112.5,157.79,-1
65.756,13.207,44,52.549,129.39,-1.9821,218.79,54.28,140.25,83.96,57.375,127.95,168.16,117.48,138.91,91.427,82.732,172.07,100.26,78.952,86.461,184.67,243.86,148.25,229.47,111.72,69.116,160.44,230.38,101.38,115.49,245.09,98.836,244.86,106.32,168.01,1
72.054,24.701,79.874,47.353,107.17,56.426,206.45,146.54,99.994,184.55,104.54,80.083,58.978,160.33,115.32,93.226,137.62,99.596,136.39,185.42,161.88,183.56,128.26,204.83,60.636,143.92,196.69,79.813,163.17,195.25,172.99,225.44,191.82,150.53,51.356,96.228,1
64.312,26.328,50.959,37.983,106.18,3.1182,102.91,211.6,241.09,173.73,96.027,116.74,162.89,198.74,107.46,245.33,115.13,153.59,136.13,120.81,175.29,66.292,112.72,79.562,201.9,205.89,76.004,101.71,196.13,192.65,168.24,82.267,181.77,228.28,149.17,70.389,-1
58.522,13.922,41.468,44.599,115.51,30.388,112.94,197.2,78.53,51.369,121.71,160.74,176.71,132.46,149.29,126.37,67.986,192.57,225.05,152.09,56.026,95.015,160.66,147.11,221.78,83.763,149.31,155.74,246.19,150.75,187.58,120.68,73.836,195.3,247.7,178.93,1
68.832,22.218,50.092,46.614,105.99,-3.5303,86.639,164.46,152.51,198.05,76.869,160.06,149.62,151.52,86.341,177.06,212.06,101.97,63.528,188.94,178.45,106.84,208.41,64.367,146.34,54.49,101.93,212.68,167.64,228.55,83.288,61.601,75.844,149.44,197.59,246.03,-1
86.473,40.304,61.141,46.169,97.404,55.752,139.49,51.797,244.39,248.35,249.72,82.084,61.925,75.794,236.76,59.313,129.91,72.937,117.98,169.06,217.63,232.75,209.66,207.49,65.019,191.75,168.33,193.71,150.63,205.88,180.45,138.82,65.594,171.44,112.14,70.344,-1
72.644,18.929,68,53.715,116.96,25.384,115.34,193.66,179.66,75.636,152.7,73.418,153.03,92.967,238.04,96.414,181.06,159.93,85.412,151.22,129.03,95.82,222.65,128.75,68.144,171.03,95.524,150.16,156.32,148.97,203.73,138.22,197.05,119.86,170.08,87.573,-1
69.563,15.401,74.438,54.162,105.07,29.701,105.96,139.89,172.93,122.12,127.57,129.71,60.639,108.57,168.29,224.97,163.37,93.78,99.207,205.28,137.47,99.724,209.59,97.232,90.043,132.74,241.02,228.8,171.26,202.3,129.15,115.34,161.23,155.24,206.34,51.877,-1
50.16,-2.97,42,53.13,131.8,-8.2902,236.35,181.92,143.93,88.215,99.971,216.28,218.73,139.99,50.162,142.03,50.624,112.44,195.56,187.04,66.977,185.26,51.275,66.114,205.66,232.95,62.602,240.14,202.86,183.41,129.25,232.88,216.87,209.38,72.307,217.66,1
86.041,38.751,47.871,47.291,122.09,61.988,129.94,200.64,165.56,192.88,122.95,87,168.93,98.056,230.6,50.613,180.27,244.63,107.64,113.9,166.28,179.7,233.98,65.801,131.46,145.44,86.649,142.47,170.12,245.62,188.42,148.91,71.225,104.74,165.87,146.27,-1
47.745,12.089,39,35.655,117.51,21.682,125.88,210.95,232.26,85.573,129.81,150.16,188.2,102.65,186.58,142.99,113.42,111.84,97.468,216.43,224.34,190.74,53.592,235.49,215.41,233.24,174.85,107.52,194.52,73.414,97.535,192.05,101.31,108.54,224.07,143.71,-1
70.221,39.823,68.118,30.399,148.53,145.38,168.57,55.831,125.24,247.37,235.26,75.263,179.45,228.32,64.77,214.81,103.19,239.25,77.932,182.16,91.381,217.42,55.883,90.943,79.594,149.38,108.28,235.27,137.04,223.86,239.78,182.93,60.825,119.63,187.96,231.71,-1
41.172,17.321,33.469,23.85,116.38,-9.5693,63.701,205.96,95.753,53.4,149.09,222.93,174.69,167.23,249.28,224.38,142.09,132.11,94.146,167.41,68.922,195.46,192.29,241.32,196.58,235.51,77.437,149.27,179.3,163.57,77.15,216.36,181.31,225.19,98.594,133.43,1
77.655,22.433,93.893,55.222,123.06,61.211,91.048,163.47,134.7,57.959,171.84,203.33,240.77,237.73,112.89,110.21,174.63,52.067,213.51,53.816,87.59,53.887,157.68,117.95,79.978,190.73,87.787,225.47,85.339,74.03,152.3,101.61,105.49,68.664,118.54,158.83,-1
63.026,27.336,51.605,35.69,114.51,7.4399,194.72,65.223,104.72,210.87,50.962,162.87,85.389,173.62,211.84,97.201,210.37,112.01,125.65,217.39,183.57,166.75,154.92,241.99,217.69,188.93,241.32,92.648,225.3,244.07,58.286,203.85,191.83,91.336,159.09,189.8,1
44.914,10.219,44.631,34.695,130.08,37.365,165.03,100.32,138.91,221.96,167.55,127.91,144.98,100.14,142.29,216.32,162.23,81.041,183.1,72.8,196.48,234.18,150.45,118.63,159.07,50.919,109.32,72.88,100.34,217.99,112.48,132.11,76.059,110.55,63.515,65.81,-1
43.79,13.534,42.691,30.256,125,13.289,90.047,76.691,175.5,163.25,205.49,148.03,218.48,70.507,167.43,137.55,54.961,248.82,237.16,218.08,176.2,68.336,63.134,62.685,242.23,158.04,97.441,74.863,121.3,62.463,114.35,61.131,154.8,120.3,132.09,151.88,-1
35.703,19.443,20.7,16.26,137.54,-0.26349,218.7,162.89,156.93,200.82,181.44,227.38,149.39,159.27,145.52,151.42,208.71,140.05,135.3,117.5,143.64,160.91,96.008,172.49,65.099,132.59,182.03,164.82,110.67,105.61,239.66,224.13,59.178,195.35,97.502,147.38,1
71.187,23.896,43.697,47.291,119.86,27.284,134.75,158.2,127.09,153.9,155.66,231.01,202.48,138.53,160.49,87.095,104.62,159.04,171.03,135.89,112.87,236.16,73.408,161.12,236.77,175.63,50.859,143.27,243.55,131.93,91.468,244.46,70.261,227.27,147.79,221.18,-1
67.29,16.718,51,50.572,137.59,4.9603,158.95,63.784,224.69,167.18,215.15,149.68,85.975,188.3,85.063,80.3,214.58,102.47,243.92,208.76,178.29,89.891,247.95,231.29,121.88,158.71,65.634,124.81,88.458,175.36,147.87,73.395,143.79,60.385,211.21,172.88,1
53.942,9.3066,43.1,44.635,124.4,25.082,155.59,247.69,110.07,88.147,242.49,155.85,188.32,201.89,167.45,231.36,187.71,226.51,122.93,78.313,162.41,155.06,64.103,90.245,63.386,93.2,111.92,200.92,69.573,233.82,138.94,151.66,192.13,65.712,125.57,73.483,1
45.702,10.66,42.578,35.042,130.18,-3.3889,87.022,100.22,130.01,150.69,112.75,231.94,232.88,129.88,80.96,248.55,170.78,70.612,182.89,171.62,182.75,75.348,62.005,207.54,243.19,160.42,94.794,141.12,188.76,133.03,214.17,201.11,170.27,52.897,153.6,171.37,-1
65.612,23.138,62.582,42.474,124.13,-4.0833,66.338,113.09,153.54,60.183,209.42,165.72,82.531,163.48,139.09,128.02,127.39,214.71,112.95,236.13,74.975,199.75,182.32,119.54,179.89,222.55,189.06,191.21,69.205,192.3,53.496,71.997,90.983,88.668,68.92,82.836,-1
76.147,21.936,82.962,54.211,123.93,10.432,142.82,110.13,62.365,61.219,107.04,205.16,135.62,91.117,157.52,215.36,63.107,135.44,227.14,177.29,184.81,112.93,118.81,244.43,134.12,50.988,190.05,235.9,89.877,244.17,207.7,56.773,173.76,55.258,231.82,129.81,-1
38.505,16.964,35.113,21.541,127.63,7.9867,56.111,58.408,96.273,117.04,52.979,182.28,58.37,238.71,142.38,240.81,249.72,234.07,109.11,59.554,186.06,87.435,75.703,217.21,169.29,75.017,220.36,214.09,171.41,137.09,158.16,138.22,189.83,143.75,91.526,156.47,-1
70.25,10.34,76.37,59.91,119.24,32.667,137,155.58,73.697,176.18,68.83,143.93,95.149,152.56,216.82,228.77,182.21,155.6,109.07,189.67,236.02,246.08,177.43,192.36,119.42,205.01,161.81,57.97,191.94,177.08,59.095,75.957,112.97,98.677,126.41,225.04,-1
80.075,48.07,52.403,32.005,110.71,67.727,161.57,101.2,69.756,228.4,115.74,93.954,183.23,105.25,249.23,218.2,95.834,224.17,231.42,101.42,215.76,192.57,199.3,92.98,93.525,54.077,164.07,243.24,228.11,230.31,152.77,244.32,210.96,233.98,182.06,181.81,-1
58.6,-0.2615,51.5,58.861,102.04,28.06,177.76,131.74,228.06,184.68,111.11,170.52,224.27,95.828,244.45,186.66,68.451,120.56,148.58,188.18,85.62,215.13,211.05,53.09,57.568,78.527,156.18,227.59,170.53,224.32,139.12,238.03,85.604,193.17,201.67,207.53,-1
78.401,14.042,79.694,64.359,104.73,12.393,56.843,239.5,56.678,187.05,53.604,86.852,118.95,240.59,199.19,84.359,98.196,130.03,91.428,122.64,239.85,186.64,103.81,92.009,80.685,114.08,221.78,177.75,222.49,78.543,148.27,236.62,98.261,147.73,84.614,75.205,-1
67.513,33.276,96.283,34.237,145.6,88.301,191.98,233.86,217.81,189.15,82.441,89.502,55.45,187.88,89.991,97.51,230.51,169.58,55.164,158.38,89.925,187.88,136.8,157.29,124.68,230.95,139.27,52.191,185.19,90.12,181.98,246.75,168.95,65.615,153.48,154.99,-1
50.21,29.76,36.104,20.45,128.29,5.7406,83.865,74.249,151.45,209.97,138.8,222.4,231.06,191.57,57.266,136.86,93.47,232.3,84.042,94.428,93.536,156.18,130.36,71.692,225.36,172.83,126.68,245.45,207,174.19,151.07,188.61,223.65,156.01,249.07,229.9,-1
83.933,41.286,62,42.647,115.01,26.588,168.68,168.39,72.743,182.12,203.35,75.13,144.21,181.38,87.721,55.012,145.9,76.597,110.47,231.1,51.704,87.771,171.63,220.75,138.23,53.18,169.07,127.11,157.33,205.01,198.37,190.5,213.73,183.21,191.52,71.817,-1
42.918,-5.846,58,48.764,121.61,-3.362,171.61,121.93,148.09,153.99,186.25,179.12,232.09,205.79,165.51,103.73,231.85,58.433,242.29,124.71,110.13,148.6,204.02,232.17,177.55,112.28,111.01,129.93,50.889,99.362,238.77,124.26,168.02,171.54,66.113,176.91,1
43.581,16.509,47,27.072,109.27,8.9928,204.47,193.86,169.89,116.35,192.91,137.46,115.6,166.09,175.65,246.03,88.756,130.21,206.73,65.763,104.89,161.91,238.22,116.75,127.56,88.554,70.222,152.06,89.722,123.89,209.87,62.821,50.458,133.91,58.662,66.169,-1
56.104,13.106,62.637,42.997,116.23,31.173,61.255,154.71,68.043,236.83,141.96,172.52,188.22,150.65,122.95,112.54,139.6,169.14,184.65,56.186,167.29,215.66,76.293,143.83,217.44,105.09,124.39,160.33,137.74,118.22,137.55,138.69,238.91,72.16,148.23,132.25,-1
77.409,29.397,63.232,48.013,118.45,93.564,220.95,102.17,245.64,99.295,233.85,197.5,53.49,225.75,177.31,164.35,173.56,233.94,218.14,175.38,129.31,90.574,101.14,50.579,203.26,55.342,94.431,241.78,161.66,141.28,68.063,158.6,208.5,213.32,139.32,192.53,-1
77.237,16.738,49.776,60.499,110.69,39.787,126.86,148.62,180.6,152.24,247.79,110.66,152.47,128.59,228.26,172.33,168.84,108.76,134.17,237.4,87.281,155.55,125.66,112.18,75.117,216.13,178.65,221.08,127.03,84.165,236.71,158.03,129.87,99.861,147.36,70.084,-1
50.913,6.677,30.897,44.236,118.15,-1.058,129.92,221.17,142.23,198.06,236.52,58.594,116.36,98.527,100.7,230.31,183.18,159.01,190.75,113.99,128.56,211.56,248.75,147.04,68.532,202.86,205.33,145.34,179.37,199.12,125.68,207.26,224.69,151.84,83.178,211.99,-1
47.904,13.617,36,34.287,117.45,-4.2454,115.08,194.88,222.75,100.83,142.3,217.1,117.22,106.33,107.27,129.21,103.54,206.34,146.26,199.03,80.919,121.02,118.19,102.43,182.06,194.23,136.01,225.56,167.13,69.596,201.78,170.28,184.88,210.83,122.13,177.56,1
61.412,25.384,39.097,36.027,103.4,21.843,161.08,89.822,102.57,219.12,230.98,123.86,240.67,230.95,75.084,188.55,134.77,115.48,214.12,107.79,216.46,159.55,229.91,186.62,125.53,214.54,174.21,127.98,203.27,228.05,210.76,239.4,98.473,151.97,226.14,229.61,-1
41.73,12.254,30.123,29.476,116.59,-1.2444,109.08,81.457,214.79,157.63,127.29,182.27,200.1,190.54,155.71,90.897,209.86,69.053,137.48,74.871,79.95,193.49,97.496,232.24,71.558,202.91,105.81,59.833,84.927,66.419,210.85,176.24,83.689,110.54,198.87,174.36,1
73.636,9.7113,63,63.925,98.728,26.976,123.22,124.1,115.8,232.03,170.6,229.14,116.78,220.61,214.15,62.571,236.46,138.34,221.99,152.82,185.91,90.502,94,164.1,174.76,74.113,145.61,111.49,150.62,206.3,169.16,225.77,222.22,222.39,133.35,132.92,-1
63.074,24.414,54,38.66,106.42,15.78,119.81,222.45,238.26,120.14,162.06,104.82,176.57,125.74,109.96,174.48,143.94,55.815,51.779,127.5,200.02,178.75,248.22,103.06,174.32,126.87,112.95,114.04,126.53,219.74,115,74.537,115.33,61.479,231.47,179.51,-1
54.753,9.7525,48,45,123.04,8.2353,176.04,186.95,98.822,237.06,219.17,249.58,133.11,176.6,207.54,187.6,111.26,185.08,249.21,245.72,52.978,50.018,240.22,235.69,232.33,55.585,215.43,142.26,245.44,140.18,199.67,212.71,115.03,196.15,68.861,147.85,1
49.713,9.6521,28.317,40.061,108.17,7.9185,182.89,176.84,241.42,235.54,106.96,216.87,165.3,56.311,137.4,109.36,137.87,72.318,105.04,108.36,78.449,152.64,177.64,62.849,171.23,50.261,198.63,147.63,237.22,171.07,145.29,245.52,130.03,230.18,86.265,68.751,1
45.367,10.756,29.038,34.611,117.27,-10.676,248.42,78.265,152.16,167.54,182.66,208.27,241.9,234.01,160.11,164.31,111.37,89.928,56.703,168.47,56.131,163.97,150.83,175.26,147.07,51.4,78.862,191.35,228.55,120.89,153.12,96.249,202.7,142.81,239.32,177.46,-1
40.25,13.922,25.125,26.328,130.33,2.2307,238.87,65.86,162.92,70.352,170.45,181.32,173.17,143.95,247.22,113.24,105,156.03,80.42,164.27,211.74,51.407,121.62,239.66,165.35,83.557,63.653,123.46,138.71,201.82,146.02,232.55,82.814,143.87,70.17,240.05,1
64.624,15.225,67.632,49.399,90.298,31.326,120.07,225.23,248.74,123.38,181.29,158.73,80.116,153.98,187.96,211.9,77.749,175.47,145.92,173.17,59.429,228.49,203.69,153.28,246.42,80.087,156.43,238.29,200.31,167.89,134.8,185.27,187.66,80.763,127.61,145.28,-1
60.754,15.754,43.199,45,113.05,31.694,88.6,134.09,204.2,105.17,111.99,127.34,217.65,203.26,244.03,123.1,83.309,124.72,227.77,162.18,183.24,216.64,206.87,241.34,153.71,153.1,198.79,103.64,231.88,172.31,85.204,195.01,178.66,242.36,107.84,170.56,1
82.905,29.894,58.251,53.011,110.71,6.0793,233.92,147.53,112.76,103.22,116.33,214.45,195.23,117.24,69.193,189.76,148.79,171.29,106.68,105.97,141.21,205.03,55.784,104.4,119.74,133.78,217.15,199.08,124.66,218.63,106.11,187.16,214.27,225.25,64.617,168.3,-1
35.492,11.702,15.59,23.791,106.94,-3.4604,107.74,142.07,61.575,95.308,87.639,169.07,71.769,175.2,229.62,176.69,67.317,219.28,206.83,80.37,210.6,207.63,60.488,155.4,246.57,168.76,194.13,231.81,73.258,141.4,225.53,209.34,125.71,147.73,88.922,95.052,-1
90.514,28.273,69.814,62.241,100.89,58.824,160.17,153.14,58.815,50.264,70.137,206.33,82.27,115.38,61.689,242.92,235.37,190.39,84.079,196.6,121.69,124.73,114.68,232.24,248.4,105.4,227.52,166.91,155.02,226.56,224.77,155.93,72.38,131.42,133.5,183.69,-1
74.976,14.922,53.73,60.054,105.65,1.5947,233.86,104.4,212.59,228.6,107.31,247.53,109.4,112.22,74.664,90.159,79.695,128.57,196.26,57.94,55.067,80.462,209.94,92.937,229.23,168.57,82.571,231.3,118.23,148.71,147.92,200.93,221.9,75.315,108.59,81.31,-1
40.683,9.1484,31.022,31.535,139.12,-2.5116,68.01,96.316,132.41,140.7,120.97,207.65,134.72,179.22,176.15,169.64,82.096,164.37,99.324,210.32,93.718,120.45,176.05,215.36,198.32,167.03,90.248,61.337,219.88,174.57,171.26,150.71,192.64,235.09,190.43,204.85,1
30.742,13.355,35.904,17.387,142.41,-2.0054,101.54,229.91,126.83,165.68,157.15,220.58,155.68,136.74,124.02,66.741,193.54,99.955,66.368,131.28,192.18,179.02,246.56,77.666,182.95,74.318,226.39,161.35,87.246,162.43,193.54,231.41,165,51.116,97.943,92.611,1
63.364,20.025,67.499,43.34,131,37.557,135.41,231.74,154.63,113.12,248.17,147.12,105.02,70.577,113.91,158.88,184.98,195.47,220.58,216,159.78,236.39,81.65,137.55,196.67,65.719,142.39,50.592,91.749,194.33,78.005,74.722,198.23,87.278,241.9,83.825,1
74.095,18.824,76.032,55.271,128.41,73.388,165.54,170.73,228.43,248.8,55.636,224.75,215.59,97.23,209.14,219.23,121.7,118.67,187.31,244.21,223.94,68.664,173.34,225.06,137.18,56.413,87.41,80.631,156.09,159.35,166.61,220.45,200.73,114.81,111.09,195.15,-1
44.319,12.538,36.099,31.781,124.12,5.4158,229.9,123.05,131.18,246.78,191.91,116.77,208.56,244.36,110.34,58.14,68.092,65.727,241.62,134.5,197.77,197.76,111.74,190.86,129.93,83.634,194.98,131.5,66.857,206.89,89,85.009,161.02,60.037,80.983,101.24,1
67.028,13.282,66.15,53.746,100.72,33.989,93.645,169.72,170.88,242.91,231.03,91.063,104.75,189.78,171.49,115.87,51.65,110.45,247.01,60.781,70.646,61.053,67.016,149.4,93.578,154.83,226.71,96.689,98.154,139.27,62.668,202.83,210.18,78.907,161.1,82.553,-1
76.314,41.934,93.285,34.38,132.27,101.22,243.41,183.7,68.961,183.25,223.17,148.87,173.14,181.89,142.39,191.87,124.56,110.08,156.94,207.41,244.29,201.43,225.37,171.92,226.33,218.27,209.6,157.06,176.91,232.38,62.78,141.87,184.07,195.87,208.11,175.16,-1
45.075,12.307,44.583,32.768,147.89,-8.9417,136.8,228.91,117.2,195.23,73.834,56.242,70.31,115.22,108.52,222.06,207.66,54.644,231.2,176.02,197.74,142.7,168.14,65.566,238.41,111.28,218.59,112.32,72.215,67.317,237.97,171.21,157.02,146.46,138.77,100.15,1
41.647,8.8355,36.032,32.811,116.56,-6.0545,206.96,67.467,78.968,116.81,241.06,215.51,183.99,53.964,216.48,150.18,139.46,85.223,145.33,151.76,52.772,59.001,110.62,98.287,239.79,88.232,157.61,191.73,171.47,249.79,154.04,122.81,187.19,117.61,249.16,102.6,1
48.802,18.018,52,30.784,139.15,10.443,155.05,157.8,98.976,154.55,138.18,102.85,119.48,164.09,164.11,248.95,69.925,222.18,227.93,163.54,185.82,218.41,83.614,55.157,71.289,63.024,91.918,167.41,227.95,195.52,80.023,130.39,241.04,97.353,137.32,218.79,1
52.205,17.213,78.095,34.992,136.97,54.939,116.26,135.69,125.79,104.67,225.15,185.5,183.9,57.267,64.102,135.73,211.17,181.19,54.77,111.84,147.1,82.942,117.98,219.3,61.595,239.2,156.09,97.838,148.14,161.68,179.32,196.01,175.55,140.17,110.89,129.48,-1
63.028,22.553,39.609,40.475,98.673,-0.2544,136.32,173.43,104.06,193.68,222.99,208.77,109.06,102.95,103.26,103.47,181.89,221.31,75.745,199.43,56.944,73.015,63.489,52.973,82.745,98.953,218.66,62.812,112.7,78.565,166.76,241.03,213.83,87.09,99.302,70.916,-1
53.683,13.447,41.584,40.236,113.91,2.737,193.58,161.78,93.12,205.6,121.03,186.37,186.09,88.132,84.175,144.59,140.47,104.19,198.13,117.33,72.888,104.31,180.7,160.08,155.49,175.08,93.068,50.674,202.43,217.53,112.47,225.76,87.793,114.85,242.17,88.771,-1
55.286,20.44,34,34.846,115.88,3.5584,233.24,95.17,176.75,66.213,176.23,180.15,128.75,139.86,162.06,82.169,156.67,229.19,128.2,226.67,65.325,112.88,98.857,73.934,63.95,91.335,193.35,87.815,240.91,195.05,184.43,171.95,200.3,102.79,94.576,122.61,1
63.835,20.363,54.552,43.472,112.31,-0.62253,228.01,70.904,209.94,94.316,222.91,97.468,128.36,203.73,90.418,81.78,155.33,91.758,128.73,116.73,171.56,171.22,201.58,167.59,52.029,98.349,222.53,148.24,179.18,133.48,129.41,243.55,94.316,216.02,129.12,224.91,1
84.586,30.362,65.479,54.224,108.01,25.118,76.941,51.996,91.703,90.792,54.198,145.48,91.393,175.59,148.47,103.67,175.94,242.83,170.37,209.2,96.693,185.49,109.8,174.44,68.336,198.68,144.25,173.29,147.06,104.63,93.903,176.83,133.29,189.27,94.905,169.95,-1
45.444,9.9061,45,35.538,163.07,20.315,73.983,61.831,229.25,174.82,65.364,237.28,194.9,112.94,195.87,201.42,179.31,132.87,54.777,210.96,78.402,247.53,133.76,199.4,171.49,81.201,142.1,74.555,137.64,112.94,98.164,205.45,208.17,116.71,104,101.62,1
53.855,19.231,32.779,34.624,121.67,5.3298,228.69,114.53,199.14,195.04,125.34,98.221,213.86,108.41,241,171.83,88.366,95.913,127.53,60.048,156.03,248.65,61.166,111.99,61.217,214.63,238.51,76.606,87.276,166.34,127.28,229.7,129.99,166.05,133.69,121.69,-1
35.878,1.1124,43.457,34.765,126.92,-1.6322,180.62,205.9,157.28,216.87,79.839,91.823,235.29,65.648,202.47,243.39,210.35,213.67,61.349,130.5,236.06,201.51,56.171,233.3,181.62,68.797,175.67,112.84,138.63,187.87,56.7,95.313,59.022,107.57,249.55,227.51,1
68.613,15.082,63.015,53.531,123.43,39.498,58.056,117.1,243.99,53.779,56.819,104.49,152.82,84.389,66.014,204.66,89.314,122.09,187.91,243.04,173.38,105.01,87.316,206.45,165.16,245.96,211.28,67.571,147.62,222.77,119.34,70.253,90.209,102.79,232.21,230.11,-1
40.557,17.978,34,22.58,121.05,-1.5374,150.94,173.91,162.98,90.424,206.45,205.16,88.629,194.26,237.65,164.57,132.26,150.3,154.08,132.88,187.98,240.8,104.18,70.209,64.767,180.64,130.31,131.76,222.23,92.172,160.41,215.65,58.573,101.98,160.09,139.59,1
44.431,14.174,32.243,30.256,131.72,-3.6043,228.89,248.58,93.538,143.82,115.45,116.28,170.58,67.89,244.89,140.04,97.139,199.53,65.217,116.1,96.885,132.22,63.249,106.22,98.314,106.82,114.28,106.46,193.29,151.35,161.69,134.89,177.83,185.42,169.27,103.77,1
44.253,1.1011,38,43.152,98.274,23.911,127.15,179.6,221.55,125.68,213.5,170.61,89.636,233.56,171.42,107.41,104.44,216.37,131.25,177.27,91.369,93.325,116.7,231.5,120.24,223.45,125.76,176.12,174.07,135.01,63.363,195.42,100.35,153.97,65.829,160.76,1
66.879,24.892,49.279,41.987,113.48,-2.0059,108.41,157.96,222.4,118.08,84.724,86.803,132.08,135.94,241.5,200.48,51.734,128.89,136.04,221.61,57.473,175.83,59.981,72.217,75.348,56.028,193.79,93.951,67.955,97.94,166.39,237.35,133.98,65.351,165.33,85.77,-1
44.362,8.9454,46.902,35.417,129.22,4.9942,96.807,96.451,112.66,62.77,185.22,67.492,220.61,65.945,116.13,68.872,235.66,69.327,181.86,207.66,182.67,52.974,70.262,207.96,197.88,202.19,88.613,180.85,72.352,201.5,145.17,109.31,84.367,61.169,229.63,221.94,1
53.911,12.939,39,40.972,118.19,5.0744,90.19,197.97,115.4,202.27,225.12,111.78,135.82,164.43,230.24,71.357,154.04,103.08,93.678,157.68,151.45,58.66,64.374,70.456,139.14,229.24,148,88.694,165.12,208.38,182.39,112.44,226.89,101.75,142.66,96.395,-1
82.407,29.276,77.055,53.13,117.04,62.765,126.06,227.8,218,130.53,201.43,96.176,235.13,216.35,50.073,196.98,142.83,208.39,66.218,198.33,147.16,86.052,230.9,203.59,53.522,173.77,74.154,68.92,142.33,127.18,207.22,159.94,118.2,137.99,129.68,83.621,-1
31.232,17.716,15.5,13.517,120.06,0.49975,168.96,221.96,148.51,184.86,95.925,231.84,124.62,119.47,146.66,120.92,154.71,237.37,143.53,197.94,222.34,90.093,112.36,182.41,186.34,194.15,77.984,233.67,159.09,113.61,88.006,160.52,91.025,106.86,70.892,55.345,1
36.126,22.759,29,13.367,115.58,-3.2376,103.68,169.41,60.38,160.22,121.79,237.38,189.65,205.98,79.495,166.13,117.36,163.65,195.73,138.96,243.1,193.87,168.35,204.62,226.17,142.77,239.44,161.65,57.602,146.19,242.3,178.08,209.08,185.75,180.45,114.49,-1
61.822,13.597,64,48.225,121.78,1.2962,174.49,180.95,205.6,60.291,122.63,56.376,167.73,191.67,113,109.77,116.48,237.6,172.8,220.08,201.94,138.57,125.53,236.4,77.964,201.78,176.19,133.53,165.86,105.7,157.01,169.33,54.894,239.92,248.34,161.03,1
39.657,16.209,36.675,23.448,131.92,-4.969,210.91,233,135.33,111.5,103.49,168.73,70.173,168.19,84.275,192.74,247.66,169.45,230.12,148.91,99.336,219.1,240.31,85.377,212.17,51.428,137.73,72.089,175.8,81.607,232.9,82.235,57.956,204.79,185.61,214.91,-1
81.656,28.749,58.233,52.907,114.77,30.609,70.794,136.64,105.99,243.09,117.46,58.764,132.48,125.4,168.58,122.1,144.74,247.59,100.56,239.63,185.25,127.96,198.48,54.084,100.57,88.697,191.55,160.55,146.39,129.08,179.13,133.58,155.96,177.23,135.7,210.85,-1
49.707,13.041,31.334,36.666,108.65,-7.826,195.85,107.95,116.7,236.3,67.392,134.98,234.94,128.77,181.52,193.69,199.37,202.47,94.019,209.56,201.86,217.51,227.42,216.73,54.877,68.29,155.93,72.256,82.105,107.09,80.694,123.81,236.67,200.72,180.96,54.882,-1
50.677,6.4615,35,44.215,116.59,-0.21471,179.72,176.38,123.39,125.61,140.31,154.32,61.11,135.66,119.79,249.06,183.99,87.123,97.161,76.609,167.24,199.68,169.78,144.64,156.14,83.587,180.49,97.204,200.88,98.61,60.436,66.053,170.44,199.36,167.75,124.3,1
81.104,24.794,77.887,56.31,151.84,65.215,144.93,109.08,208.96,173.53,140.93,218.07,126.81,134.61,60.739,66.74,209.12,153.35,212.03,97.554,214.49,166.77,187.93,71.729,236.97,238.45,205.64,77.731,208.7,178.5,53.01,97.262,170.24,167.21,199.01,148.37,-1
86.754,36.043,69.221,50.711,139.41,110.86,236.58,174.41,57.738,162.51,55.807,175.01,98.128,93.785,59.434,143.64,104.51,178.03,190.48,75.545,235.37,82.115,128.22,67.811,203.87,219.89,173.6,115.65,108.27,241.38,89.273,248.87,178.77,204.61,178.17,143.21,-1
85.681,38.65,82.681,47.031,120.84,61.959,69.289,59.507,195.33,216.11,177.42,101.04,95.562,149.35,61.172,68.761,106.78,223.79,225.7,156.82,177.51,155.77,94.655,73.026,130.95,77.457,150.42,119.29,151.52,87.267,155.54,231.86,234.39,128.5,150.74,58.343,-1
63.96,16.061,63.124,47.899,142.36,6.299,169.82,248.92,224.54,241.54,61.892,230.94,121.42,57.974,64.302,195.03,193.45,170.02,192.2,61.339,53.788,142.53,76.252,83.595,193.56,182.15,147.07,235.75,97.598,231.9,79.534,208.16,93.851,171.06,237.61,173.4,-1
74.469,33.283,66.942,41.186,146.47,124.98,96.713,91.353,107.16,65.101,83.839,203.46,234.82,162.96,53.135,232.41,86.927,249.93,182.22,143.71,86.868,125.91,84.496,244.5,146.26,57.698,72.03,227.66,88.537,163.75,64.627,77.029,226.98,99.487,171.07,165.61,-1
32.091,6.9894,35.998,25.102,132.26,6.4134,56.466,171.47,181.37,227.6,186.94,162.53,150.5,59.829,244.74,67.283,216.74,75.835,137.92,246.54,55.348,68.646,237.72,107.2,138.24,79.633,233.31,208.01,211.74,88.703,160.97,160.07,59.764,108.04,177.78,109.76,1
47.806,10.689,54,37.117,125.39,-0.40252,165.97,119.53,96.377,162.49,160.91,229.43,210.65,224.46,196.96,153.99,83.933,108.67,162.56,186.44,237,101.83,56.896,169.8,238.47,86.953,136.52,64.894,63.335,190.85,246.26,60.768,212.41,53.867,190.53,137.13,-1
43.35,7.4675,28.065,35.882,112.78,5.7533,218.44,193.55,174.39,88.871,51.207,123.62,120.05,222,200.48,160.53,240.65,145.38,248.06,224.18,146.89,117.17,225.91,220.44,165.76,179.07,135.4,133.96,89.172,180.32,82.572,185.31,56.518,119.46,222.19,77.327,-1
69.005,13.292,55.57,55.713,126.61,10.832,161.38,55.599,65.025,94.291,107.62,117.55,141.74,117.65,56.663,187.03,194.51,75.916,241.46,149.24,208.96,125.02,154.47,98.957,206.72,221.31,55.857,129.34,244.96,116.38,81.32,214.46,133.01,78.359,125.93,109.94,-1
26.148,10.759,14,15.388,125.2,-10.093,217.98,63.368,243.35,191.15,125.32,173.77,240.22,244.81,73.521,109.93,76.85,95.625,117.36,107.53,141.37,79.252,211.65,195.43,192.96,220.68,152.09,132.59,165.02,154.31,82.734,232.28,168.93,132.31,192.42,202.27,-1
89.835,22.639,90.563,67.195,100.5,3.041,90.99,235.41,171.99,169.35,79.299,67.379,76.597,240.96,102.26,170.38,220.62,86.214,81.091,86.604,148.84,113.35,139.52,130.16,78.433,148.81,242.74,244.79,166.64,54.953,65.698,79.441,89.359,80.614,154.7,57.061,-1
72.344,16.421,59.869,55.923,70.083,12.073,174.25,67.554,126.74,167.26,64.907,125.1,64.061,247.72,228.67,89.701,236.34,184.4,133.42,242.24,135.14,106.25,119.31,112.12,188.58,206.18,105.07,97.579,240,54.455,193.68,110.97,209.22,215.8,122.7,103.9,-1
84.974,33.021,60.86,51.953,125.66,74.333,84.804,116.48,56.114,243.7,142.15,87.476,191.22,81.544,244.41,181.35,162.84,115.16,160.9,201.25,228.35,214.02,201.43,180.76,128.73,104.93,198.68,71.715,70.008,209.7,139.25,205.97,92.198,197.84,136.94,249.25,-1
43.192,9.9767,28.938,33.215,123.47,1.741,107.91,155.24,221.51,166.35,124.08,212.11,236.34,50.584,248.81,189.67,129.76,208.12,55.95,240.07,224.86,118.42,122.04,128.37,75.554,243.48,73.361,210.01,225.75,71.562,152.02,147.45,84.883,69.774,187.52,139.39,-1
84.999,29.61,83.352,55.389,126.91,71.321,53.701,99.328,170.71,69.96,214.91,194.65,71.78,99.636,119.36,141.94,138.32,159.2,223.34,184.25,176.63,224.4,161.32,73.867,178.18,248.11,203.87,58.963,228.29,187.76,171.03,159.83,172.77,214.13,95.37,80.557,-1
94.175,15.381,67.706,78.794,114.89,53.255,190.3,158.58,219.57,83.321,157.51,184.93,180.34,119.26,108.46,81.532,190.34,96.111,228.88,87.211,108.46,103.61,227.74,245.71,149.5,66.89,203.14,241.99,92.807,205.01,226.61,225.64,238.21,95.422,245.8,227.25,-1
88.024,39.845,81.774,48.18,116.6,56.766,240.42,206.17,150.92,70.419,213.5,232.8,79.212,96.668,87.449,134.36,102.01,187.35,149.44,107.97,108.34,205.09,218.03,153.65,62.795,115.96,158.15,210.33,83.39,208.3,74.383,247.66,182.31,71.388,245.13,56.276,-1
65.665,10.541,56.489,55.125,109.16,53.932,199.8,154.38,51.582,79.249,142.08,214.19,188.79,201.18,198.63,169.21,55.706,59.817,91.857,61.642,99.1,171.84,98.805,151.55,154.71,103.66,83.864,242.12,179.23,191.89,108.05,53.83,92.98,182.56,107.9,73.207,-1
41.353,16.577,30.706,24.775,113.27,-4.498,201.35,236.39,233.81,184.31,52.807,159.74,175.12,95.186,193.6,114.47,239.59,164.52,194.32,58.813,190.87,53.594,137.12,115,112.91,93.185,236.02,203.15,86.069,239.31,62.468,120.26,232.72,240.92,117.69,100.17,1
81.082,21.256,78.767,59.826,90.072,49.159,158.42,79.422,132.14,177.97,50.997,53.108,58.745,139.69,87.779,216.15,249.23,248.75,189.94,105.91,204.92,190.3,215.71,89.454,220.98,203.4,91.642,171.65,73.31,109.6,78.707,156.93,126.04,212.91,249.29,201.93,-1
56.447,19.444,43.578,37.003,139.19,-1.8597,106.41,133.35,196.47,124.49,83.245,68.937,209.58,101.89,136.79,74.537,205.9,122.59,142.15,84.094,214.53,53.15,80.541,222.58,51.803,123.01,53.952,247.81,123.07,249.16,63.593,199.56,56.996,174.65,207.79,229.66,-1
74.721,19.757,82.735,54.964,109.36,33.306,98.975,106.06,80.221,82.575,123.19,152.95,247.24,119.16,59.119,100.24,247.88,161.74,84.119,185.42,211.24,186.78,201.59,103.57,90.517,80.803,170.32,162.51,130.48,160.89,87.017,244,95.469,115.65,208.98,94.684,-1
56.535,14.377,44.992,42.158,101.72,25.773,107.26,169.62,213.05,127.9,193.64,240.5,137.35,230.59,181.09,237.52,147.51,235.46,208.87,230.48,100.75,225.58,225.3,157.74,226.12,83.004,171.47,149.18,67.962,181.22,203.74,189.03,231.38,105.47,176.47,184.66,1
51.08,14.21,35.951,36.87,115.8,6.9051,242.63,57.295,231.92,210,81.885,218.61,118.95,52.54,206.21,181.04,75.597,101.98,227.7,120.4,210.1,136.36,150.42,160.29,93.61,228.67,143.77,100.61,186.75,239.07,229.54,104.65,223.8,136.88,212.29,213.76,1
63.792,21.345,66,42.447,119.55,12.383,96.139,62.737,205.59,129.96,105.75,237,59.761,76.445,222.58,200.58,142.87,216.5,78.503,70.032,175.94,176.27,164.05,242.65,113.54,239.16,169.26,89.192,159.38,94.927,153.65,240.23,166.49,120.06,139.62,239.79,-1
31.276,3.1447,32.563,28.131,129.01,3.623,157.46,114.58,201.42,201.02,178.99,244.68,95.041,127.61,207.07,212.17,198.52,85.025,237.93,208.6,96.3,167.21,220.3,103.92,118.79,153.49,194.69,148.55,247.19,246.3,218.93,231.53,162.16,225.55,216.12,224.86,1
46.442,8.395,29.037,38.047,115.48,2.0455,91.002,69.676,131.04,109.04,107.44,124.51,166.2,218.12,136.7,59.685,184.68,225.97,50.052,143.69,126.22,95.482,246.93,103.14,210.02,53.675,131.62,192.18,92.55,84.124,95.751,141.48,50.218,51.231,75.333,128.75,1
54.921,18.968,51.601,35.952,125.85,2.0016,136.81,84.009,190.38,178,114.39,114.18,170.28,92.653,119.56,132.94,224.8,105.93,137.76,187.47,140.64,206.93,208.04,112,164.22,133.86,169.52,247.52,233.8,238.21,135.67,196.63,75.372,189.29,152.65,237.39,1
47.32,8.5737,35.56,38.746,120.58,1.6307,78.442,124.23,163.09,227.02,81.083,206.65,100.5,237.05,61.078,195.1,201.65,219.9,52.234,186.62,150.11,107.53,120.14,161.46,212.65,74.417,135.14,116.92,183.03,241.39,123.66,161.65,92.928,117.61,193.19,137.38,1
58.828,37.578,125.74,21.251,135.63,117.31,125.12,57.952,166.95,91.929,127.53,92.444,180.87,243.96,213.89,77.809,173.44,211.34,96.903,134.29,158.11,234.88,150.38,125.64,67.236,240.37,74.368,94.033,198.7,85.003,189.21,248.78,215.36,111,99.629,82.505,-1
89.505,48.904,72.003,40.601,134.63,118.35,208.71,191.85,118.98,146.07,229.15,241.83,62.019,125.05,71.208,176.51,104.96,87.825,191.4,181.87,119.03,109.7,101.04,99.153,88.427,104.04,119.99,119.06,125.69,60.862,238.88,127.86,127.52,179.62,156.38,111.96,-1
59.785,17.879,59.206,41.906,119.32,22.124,212.56,178.27,190.85,72.598,227.55,236.05,238.1,246.97,51.215,99.367,117.28,245.71,188.83,176.69,108.29,157.26,151.97,185.24,175.9,228.73,159.35,68.321,144.95,103.64,93.577,226.34,113.62,234.23,126.44,186.22,1
36.422,13.879,20.243,22.543,126.08,0.17972,230.76,84.812,82.173,76.474,128.72,123.15,68.506,74.417,105.01,217.99,217.14,100.75,103.02,155.03,190.71,116.73,65.724,102.26,62.773,229.04,75.42,176.32,71.252,159.2,200.6,228.65,102.36,228.61,210.35,236.81,-1
51.312,8.8755,57,42.436,126.47,-2.144,158.08,62.43,50.303,62.8,185.09,118.98,116.8,202.19,238.55,217.33,127.18,205.71,115.31,88.256,236.82,97.459,61.18,242.3,198.59,205.11,66.299,125.64,226.76,205.04,153.97,127.2,109.3,249.44,184.17,239.48,1
76.326,42.396,57.2,33.93,124.27,50.127,213.57,131.33,162.4,65.859,100.44,188.54,180.21,165.87,184.85,140.61,66.069,212.16,68.647,152.38,168.83,159.05,177,149.52,170.68,231.76,107.89,227.47,139.02,170.75,202.01,195.51,135.64,64.577,246.57,169.82,-1
