1178
1241
128
227
1006
1035
1213
204
1217
219
999
496
582
413
87
253
203
530
371
1252
1326
85
1260
651
1103
570
146
450
498
69
624
572
387
409
447
1292
609
97
68
547
166
1059
897
735
1206
1349
1052
441
779
254
1151
135
872
930
642
839
437
61
165
613
1305
600
830
284
893
380
726
1351
1094
587
1098
28
845
400
753
697
240
739
1290
191
867
676
298
752
244
859
654
464
225
1214
800
1246
286
350
471
111
469
131
47
309
792
106
422
857
1159
1133
277
168
1299
713
874
394
245
1104
906
954
144
1065
926
1155
1014
1306
1045
1240
1355
118
799
1272
1300
592
385
770
695
399
228
731
74
241
318
440
370
390
517
689
335
325
1184
1051
1201
1024
418
707
5
1348
818
26
754
708
1255
1203
223
949
959
702
1119
693
678
303
895
1043
1289
260
790
463
1345
374
1197
685
1172
747
1287
1149
680
51
566
1111
1265
1090
898
465
474
170
834
1030
694
1288
937
837
780
29
503
107
573
1318
732
133
427
568
742
1204
894
138
1239
491
261
904
1042
506
1295
936
467
319
472
931
1025
72
529
331
913
383
1193
485
522
929
785
920
563
40
1015
110
403
539
161
281
1258
784
684
560
528
951
1352
626
1122
1142
1347
151
989
349
948
520
381
557
267
915
846
282
27
984
1096
1022
1108
391
957
229
1177
461
905
1101
1034
1060
123
584
462
401
339
668
125
327
564
576
546
745
357
1157
1118
178
1313
1127
1099
1297
675
1084
538
838
1275
1105
1296
1322
691
1270
264
942
686
256
798
93
575
1124
907
353
596
766
718
764
1198
1140
378
1356
673
507
1266
639
324
148
188
743
856
1244
604
454
852
840
649
289
1170
329
1336
887
841
414
1281
870
836
896
30
740
1190
1075
153
1189
1325
892
301
789
1183
884
445
1331
636
251
63
466
259
809
105
963
965
1070
1002
269
1334
449
832
83
1150
364
992
593
1032
655
865
179
1087
348
574
602
139
375
677
1131
